image_width: 1280
image_height: 720
camera_name: narrow_stereo/right
camera_matrix:
  rows: 3
  cols: 3
  data: [796.296589, 0.000000, 652.098819, 0.000000, 794.087184, 385.606077, 0.000000, 0.000000, 1.000000]
distortion_model: plumb_bob
distortion_coefficients:
  rows: 1
  cols: 5
  data: [-0.417054, 0.147155, 0.001228, 0.000100, 0.000000]
rectification_matrix:
  rows: 3
  cols: 3
  data: [0.999779, -0.005393, 0.020333, 0.005353, 0.999984, 0.002028, -0.020344, -0.001918, 0.999791]
projection_matrix:
  rows: 3
  cols: 4
  data: [763.329968, 0.000000, 610.294296, -47.321846, 0.000000, 763.329968, 386.507309, 0.000000, 0.000000, 0.000000, 1.000000, 0.000000]
